VERSION: 4
COMMENT: Nb(Haozhe Liu 2004)
K0:       168.000
K0P:       3.25000
SYMMETRY: CUBIC
A:      3.30190
ALPHAT:      0.000000
DIHKL:   2.3348    100.    1.00    1.00    0.00
DIHKL:   1.6509     19.    2.00    0.00    0.00
DIHKL:   1.3480     41.    2.00    1.00    1.00
DIHKL:   1.1674     13.    2.00    2.00    0.00
DIHKL:   1.0441     18.    3.00    1.00    0.00
DIHKL:   0.9531      5.    2.00    2.00    2.00
DIHKL:   0.8824     21.    3.00    2.00    1.00
DIHKL:   0.8254      2.    4.00    0.00    0.00
DIHKL:   0.7783      7.    4.00    1.00    1.00
DIHKL:   0.7783      4.    3.00    3.00    0.00
DIHKL:   0.7383      6.    4.00    2.00    0.00