VERSION: 4
COMMENT: stainless
K0:       120.000
K0P:       4.00000
SYMMETRY: CUBIC
A:       3.5911
ALPHAT:      0.000000
DIHKL:   2.0750   100.    1.00    1.00    1.00
DIHKL:   1.7961    45.    2.00    0.00    0.00
DIHKL:   1.2697    26.    2.00    2.00    0.00
DIHKL:   1.0828    30.    3.00    1.00    1.00
DIHKL:   1.0368    12.    2.00    2.00    2.00
DIHKL:   0.8979     3.    4.00    0.00    0.00
