VERSION: 4
COMMENT: MgGeO3_LiNbO3 structure(JCPDS351053,EOS guess)
K0:       218.000
K0P:       7.00000
SYMMETRY: HEXAGONAL
A:       4.9871
C:       13.09
ALPHAT:      0.000000
DIHKL:   3.606    100.    0.00    1.00    2.00
DIHKL:   2.608     40.    1.00    0.00    4.00
DIHKL:   2.493     40.    1.00    1.00    0.00
DIHKL:   2.166     16.    1.00    1.00    3.00
DIHKL:   2.051      5.    2.00    0.00    2.00
DIHKL:   1.803     25.    0.00    2.00    4.00
DIHKL:   1.642     16.    1.00    1.00    6.00
DIHKL:   1.5836     5.    1.00    2.00    2.00
DIHKL:   1.5300     5.    0.00    1.00    8.00
DIHKL:   1.4607    10.    2.00    1.00    4.00
DIHKL:   1.4397     5.    0.00    3.00    0.00
DIHKL:   1.3042     5.    2.00    0.00    8.00
DIHKL:   1.2553     5.    1.00    1.00    9.00
DIHKL:   1.2525     5.    1.00    0.00   10.00
DIHKL:   1.2471     5.    2.00    2.00    0.00
