VERSION: 4
COMMENT: PbO2_Pnam at 48GPa(Haines et al.1996,EOS guess)
K0:       300.000
K0P:       4.00000
SYMMETRY: ORTHORHOMBIC
A:       5.443
B:       6.346
C:       3.368
ALPHAT:      0.000000
DIHKL:   3.173      6.    0.00    2.00    0.00
DIHKL:   2.975     30.    0.00    1.00    1.00
DIHKL:   2.741     65.    1.00    2.00    0.00
DIHKL:   2.721     35.    2.00    0.00    0.00
DIHKL:   2.611     84.    1.00    1.00    1.00
DIHKL:   2.008     32.    2.00    1.00    1.00
DIHKL:   1.791     28.    0.00    3.00    1.00
DIHKL:   1.684     14.    0.00    0.00    2.00
DIHKL:   1.575     17.    3.00    2.00    0.00
DIHKL:   1.549     23.    3.00    1.00    1.00
DIHKL:   1.496     28.    2.00    3.00    1.00
DIHKL:   1.435     22.    1.00    2.00    2.00
DIHKL:   1.432     12.    2.00    0.00    2.00
DIHKL:   1.371      6.    2.00    4.00    0.00
DIHKL:   1.361      5.    4.00    0.00    0.00
