VERSION: 4
COMMENT: ZnO-B1 (Haozhe Liu 2004)
K0:       178.000
K0P:       4.00000
SYMMETRY: CUBIC
A:      4.34450
ALPHAT:      0.000000
DIHKL:   2.5083     78.    1.00    1.00    1.00
DIHKL:   2.1723    100.    2.00    0.00    0.00
DIHKL:   1.5360     69.    2.00    2.00    0.00
DIHKL:   1.3099     38.    3.00    1.00    1.00
DIHKL:   1.2542     22.    2.00    2.00    2.00
DIHKL:   1.0861      9.    4.00    0.00    0.00
DIHKL:   0.9967     15.    3.00    3.00    1.00
DIHKL:   0.9715     26.    4.00    2.00    0.00
DIHKL:   0.8868     18.    4.00    2.00    2.00
DIHKL:   0.8361      7.    5.00    1.00    1.00
DIHKL:   0.8361      3.    3.00    3.00    3.00
DIHKL:   0.7680      5.    4.00    4.00    0.00
DIHKL:   0.7343      8.    5.00    3.00    1.00
