VERSION: 4
COMMENT: PbO2_Pbca at 26GPa(Haines et al.1996,EOS guess)
K0:       300.000
K0P:       4.00000
SYMMETRY: ORTHORHOMBIC
A:       10.023
B:       5.246
C:       5.116
ALPHAT:      0.000000
DIHKL:   3.624      3.    2.00    1.00    0.00
DIHKL:   3.440      1.    1.00    1.00    1.00
DIHKL:   2.957    100.    2.00    1.00    1.00
DIHKL:   2.623     28.    0.00    2.00    0.00
DIHKL:   2.558     12.    0.00    0.00    2.00
DIHKL:   2.507     10.    4.00    0.00    0.00
DIHKL:   2.334      2.    0.00    2.00    1.00
DIHKL:   2.090      1.    2.00    1.00    2.00
DIHKL:   2.069      3.    4.00    1.00    1.00
DIHKL:   1.831     13.    0.00    2.00    2.00
DIHKL:   1.812     11.    4.00    2.00    0.00
DIHKL:   1.790      8.    4.00    0.00    2.00
DIHKL:   1.708      2.    4.00    2.00    1.00
DIHKL:   1.651      3.    2.00    3.00    0.00
DIHKL:   1.571     14.    2.00    3.00    1.00
DIHKL:   1.543      8.    2.00    1.00    3.00
DIHKL:   1.520      7.    6.00    1.00    1.00
DIHKL:   1.479      6.    4.00    2.00    2.00
DIHKL:   1.387      2.    2.00    3.00    2.00
DIHKL:   1.311      1.    0.00    4.00    0.00
DIHKL:   1.270      1.    0.00    4.00    1.00
DIHKL:   1.186      2.    2.00    3.00    3.00
DIHKL:   1.175      2.    6.00    3.00    1.00
DIHKL:   1.164      1.    6.00    1.00    3.00
