VERSION: 4
COMMENT: Pyrope (Sawada 95, EOS -- ?)  I> 10
K0:       160.0
K0P:       4.2000
SYMMETRY: CUBIC
A:       11.4582
ALPHAT:      0.000000
DIHKL:   2.56213    100.   4.00    2.00    0.00
DIHKL:   1.53117     65.   6.00    4.00    2.00
DIHKL:   2.86455     55.   4.00    0.00    0.00
DIHKL:   1.58897     42.   6.00    4.00    0.00
DIHKL:   2.44290     34.   3.00    3.00    2.00
DIHKL:   2.24714     25.   4.00    3.00    1.00
DIHKL:   2.33890     23.   2.00    2.00    4.00
DIHKL:   1.85877     19.   1.00    1.00    6.00
DIHKL:   1.25019     18.   8.00    4.00    2.00
DIHKL:   1.65385     15.   4.00    4.00    4.00
DIHKL:   1.28107     13.   8.00    4.00    0.00
DIHKL:   1.43228     12.   8.00    0.00    0.00
DIHKL:   2.09197     12.   5.00    2.00    1.00
DIHKL:   1.22145     10.   6.00    6.00    4.00