VERSION: 4
COMMENT: Mg2SiO4 (Fo90 Smyth et al 2003)
K0:       169.000
K0P:       7.5000
SYMMETRY: CUBIC
A:      8.0904
ALPHAT:      0.0001100
DIHKL:   4.67110     22.    1.00    1.00    1.00
DIHKL:   2.86040     33.    2.00    2.00    0.00
DIHKL:   2.43940    100.    3.00    1.00    1.00
DIHKL:   2.33550      4.    2.00    2.00    2.00
DIHKL:   2.02260     50.    4.00    0.00    0.00
DIHKL:   1.65150     11.    4.00    2.00    2.00
DIHKL:   1.55700     50.    5.00    1.00    1.00
DIHKL:   1.43020     73.    4.00    4.00    0.00
DIHKL:   1.36750      2.    5.00    3.00    1.00
DIHKL:   1.27920      4.    6.00    2.00    0.00
DIHKL:   1.23380     11.    5.00    3.00    3.00
DIHKL:   1.16770      6.    4.00    4.00    4.00
DIHKL:   1.08100      6.    6.00    4.00    2.00
DIHKL:   1.05320      8.    7.00    3.00    1.00
DIHKL:   1.01120      8.    8.00    0.00    0.00