VERSION: 4
COMMENT: Post perovskite phase at 121 GPa (Parameters: Murakami  EOS: Guess)
K0:       0
K0P:       0
SYMMETRY: ORTHORHOMBIC
A:       2.4560
B:       8.0420
C:       6.0930
ALPHAT:      0.000000
DIHKL:         4.021      12.4         0.0         2.0         0.0
DIHKL:       2.42826     100.0         0.0         2.0         2.0
DIHKL:        2.3489      20.1         1.0         1.0         0.0
DIHKL:       2.19168       7.0         1.0         1.0         1.0
DIHKL:        2.0105       5.3         0.0         4.0         0.0
DIHKL:       1.90925       5.3         0.0         4.0         1.0
DIHKL:       1.81287      39.0         0.0         2.0         3.0
DIHKL:       1.81088      70.5         1.0         3.0         0.0
DIHKL:       1.73584      92.8         1.0         3.0         1.0
DIHKL:       1.55664      49.0         1.0         3.0         2.0
DIHKL:       1.53633      41.6         1.0         1.0         3.0
DIHKL:       1.52325      31.4         0.0         0.0         4.0
DIHKL:       1.35163      10.3         1.0         3.0         3.0
DIHKL:       1.34554       9.3         1.0         5.0         0.0
DIHKL:       1.31388      11.0         1.0         5.0         1.0
DIHKL:       1.27804      25.9         1.0         1.0         4.0
DIHKL:       1.23084      35.5         1.0         5.0         2.0
DIHKL:         1.228      28.7         2.0         0.0         0.0
DIHKL:       1.22685      33.9         0.0         6.0         2.0
DIHKL:       1.21413      17.4         0.0         4.0         4.0
DIHKL:       1.16569      11.6         1.0         3.0         4.0
DIHKL:       1.09584      20.2         2.0         2.0         2.0
DIHKL:        1.0167       6.9         2.0         2.0         3.0
DIHKL:         1.011      16.0         1.0         3.0         5.0
DIHKL:       1.00525       7.6         0.0         8.0         0.0
