VERSION: 4
COMMENT: Murakami
K0:       231.0
K0P:       4.3
SYMMETRY: ORTHORHOMBIC
A:       2.69805
B:       8.83459
C:       6.69350
ALPHAT:      0.000000
DIHKL:   4.4173      12.4    0.00    2.00    0.00
DIHKL:   3.68682      0.37   0.00    2.00    1.00
DIHKL:   3.34675      4.83   0.00    0.00    2.00
DIHKL:   2.66758    100.     0.00    2.00    2.00
DIHKL:   2.5804      20.6    1.00    1.00    0.00
DIHKL:   2.40769      6.98   1.00    1.00    1.00
DIHKL:   2.20865      5.26   0.00    4.00    0.00
DIHKL:   2.09742      5.34   0.00    4.00    1.00
DIHKL:   2.04352      0.13   1.00    1.00    2.00
DIHKL:   1.99154     39.09   0.00    2.00    3.00
DIHKL:   1.90692     93.13   1.00    3.00    1.00
DIHKL:   1.84341      2.58   0.00    4.00    2.00
DIHKL:   1.71006     49.25   1.00    3.00    2.00
DIHKL:   1.68775     41.87   1.00    1.00    3.00
DIHKL:   1.67338     31.58   0.00    0.00    4.00
