VERSION: 4
COMMENT: CdO-B1 (Haozhe Liu 2005)
K0:       150.000
K0P:       4.00000
SYMMETRY: CUBIC
A:      4.70400
ALPHAT:      0.000000
DIHKL:   2.7159    100.    1.00    1.00    1.00
DIHKL:   2.3520     92.    2.00    0.00    0.00
DIHKL:   1.6631     67.    2.00    2.00    0.00
DIHKL:   1.4183     51.    3.00    1.00    1.00
DIHKL:   1.3579     23.    2.00    2.00    2.00
DIHKL:   1.1760     11.    4.00    0.00    0.00
DIHKL:   1.0792     22.    3.00    3.00    1.00
DIHKL:   1.0519     29.    4.00    2.00    0.00
DIHKL:   0.9602     22.    4.00    2.00    2.00
DIHKL:   0.9053     12.    5.00    1.00    1.00
DIHKL:   0.9053      4.    3.00    3.00    3.00
DIHKL:   0.8316      7.    4.00    4.00    0.00
DIHKL:   0.7951     16.    5.00    3.00    1.00
